NAME 27871 3682.391342 15 
NAME0  26699 2028.973099 14 
NAME 25625 2579.558731 12 
NAM 19247 1107.521805 11 
NAME 23574 1298.108292 16 
NAME 22041 4137.081268 7 
NAME 22833 4078.754440 6 
NAME 17734 2487.959457 12 
NAME 17573 3327.634964 12 
NAME 17101 1832.244690 11 
NAME 17226 1944.493881 7 
ATSU 14989 3155.076920 14 
NAME 15380 3635.572098 9 
NAME 14625 1341.456924 5 
NAME 13549 4532.789902 9 
NAME 14877 3181.456848 10 
NAME 13082 412.057343 8 
NAME 14506 3156.317337 7 
NAME 12263 520.054001 6 
NAME 8700 1582.305374 8 
NAME 14348 4506.172791 5 
NAME 11903 636.082886 8 
NAME 9308 2147.169357 9 
NAME 12023 1536.439270 6 
NAME 9424 2173.790573 5 
NAME 10870 870.645508 6 
NAME 7960 1500.424118 8 
NAME 8557 1919.729721 10 
NAME 8396 463.068436 8 
NAME 8147 2205.201691 5 
NAME 7920 0.000000 8 
NAME 6837 539.972916 8 
NAME 7337 1459.907974 7 
NAME 7282 1761.270584 5 
NAME 7874 1583.988159 10 
NAME 6092 1244.764496 7 
NAME 6706 113.492859 3 
NAME 6670 742.985458 4 
NAME 7183 1333.523621 9 
NAME 4394 250.760071 3 
NAME 4313 624.884186 7 
NAME 5839 215.778183 3 
NAME 4189 71.755493 3 
NAME 5623 1308.280609 4 
NAME 5347 609.954224 5 
NAME 3849 366.910965 3 
NAME 5941 471.393478 4 
NAME 5318 1627.796539 5 
NAME 5853 1278.210190 8 
NAME 5243 538.547043 3 
NAME 4665 340.158386 3 
NAME 5641 679.697556 5 
NAME 5613 464.220840 3 
NAME 1822 347.730438 3 
NAME 5588 183.259277 6 
NAME 5516 529.789124 2 
NAME 5065 696.420853 5 
NAME 4079 0.000000 3 
NAME 4993 50.656326 4 
NAME 4778 370.931122 2 
NAME 4053 531.250107 3 
NAME 4693 670.556000 4 
NAME0 4608 235.380844 3 
NAME 4405 629.251801 4 
NAME 4174 1851.354324 4 
NAME 4392 0.000000 4 
NAME 3791 1066.985489 4 
NAME 4313 741.569809 7 
NAME 3670 1282.990341 4 
NAME 3626 880.130997 2 
NAME 3367 0.000000 4 
NAME 3696 529.795898 2 
NAME 3222 95.743729 3 
NAME 3404 875.771027 6 
NAME 3112 759.280106 3 
NAME 2992 271.773727 2 
NAME 3368 1257.919098 4 
NAME 2836 97.846268 2 
NAME 2701 275.690689 2 
NAME 2336 736.674484 4 
NAME 2957 0.000000 3 
NAME 2206 311.051422 2 
NAM0 2031 724.384018 3 
NAME 2155 51.217468 2 
NAME 1821 725.446411 2 
NAME 1664 41.983902 2 
NAME 1638 481.423019 2 
NAME 1176 0.000000 1 
NAME 2182 199.928864 1 
NAME 1608 47.107849 2 
NAME 1828 77.803452 2 
NAME 939 130.896988 3 
NAME 1678 181.714691 4 
NAME 770 330.463272 1 
NAM 1141 129.412521 3 
NAME 573 292.280685 1 
NAME 1915 845.602005 3 
NAME 538 73.481598 1 
NAME 528 0.000000 1 
NAME 1687 289.424850 4 
NAME 1595 250.322815 2 
NAME 1595 478.619934 3 
NAME  1339 0.000000 1 
NAME 0 0.000000 0 
NAME 0 0.000000 0 
NAME 0 0.000000 0 
NAME 0 1948.682266 5 
NAME 0 0.000000 2 
NAME1 0 181.635056 3 
1TB 0 1247.740814 8 
R01 0 1894.173019 17 
NAME 0 599.306961 6 
NF 0 997.213303 7 
NAME 0 354.712433 8 
NAME 0 914.038071 7 
NAME 0 134.649948 9 
NAME 0 230.256851 6 
NAME 0 167.993027 5 
NAME0 0 1155.688736 6 
NAME 0 227.126678 6 
NAME 0 156.556290 5 
NAME 0 413.841476 7 
NAME 0 142.011459 4 
NAME 0 65.031143 3 
NAME 0 365.872452 3 
NAME 0 302.992737 3 
NAME 0 0.000000 1 
NA 0 0.000000 0 
NAME 0 2100.447968 10 
NAME 0 606.426392 10 
NAME 0 198.718643 4 
NAME 0 1184.057281 3 
NAME 0 2300.888763 9 
NAME 0 1162.890289 3 
NAME 0 477.464752 3 
QUO 0 1311.353241 6 
NAME 0 3110.964203 5 
NAME 0 2548.940277 6 
NAM 0 1416.725372 3 
NAME 0 1187.373383 3 
QMON 0 1211.779144 6 
NAME 0 318.344116 2 
31 0 955.376129 4 
PPAP 0 690.953217 2 
AAAAAAAA 0 629.956116 3 
NAME 0 629.069397 1 
NAME 0 807.492096 3 
NAME 0 812.218567 2 
NAME 0 626.805389 1 
NAME 0 409.136932 1 
OWO 0 1679.286621 7 
HAAAAAAA 0 1358.862183 6 
NAME 0 0.000000 0 
XOX 0 0.000000 1 
ITB 0 2243.558105 9 
NAME 0 2279.634552 10 
NAME 0 1412.823822 6 
NAME 0 3570.588318 5 
NAME 0 1617.777740 3 
NAME 0 1697.181213 4 
NAME 0 1790.960754 4 
NAME 0 2098.372742 4 
NAME 0 1824.254791 5 
NAME 0 1511.335754 5 
NAME 0 1327.342377 5 
NAME 0 1496.478210 5 
NAMEAAAA 0 1237.412231 4 
NAME 0 660.616943 3 
NAME 0 1382.434692 3 
NAAAAAAA 0 1250.302887 5 
NAME 0 1139.885040 3 
NAME 0 609.798859 4 
NAME 0 894.797241 4 
NAME 0 588.992859 3 
0 0 1175.983826 3 
NAME 0 917.804382 4 
NAME 0 896.671783 4 
NAME 0 848.397583 3 
NAMAAAAA 0 593.367218 2 
NAME 0 521.246277 2 
NAME 0 523.331146 3 
NAME 0 1105.266296 2 
